ID: 5
Accuracy: 0.9963894643385617
Loss: 0.01376637565349437
