ID: 6
Accuracy: 0.024863042562157607
Loss: 3.4723218335401294
