Epoch: 9
Accuracy: 0.9652559928973069
Loss: 0.17230306138464418
