Epoch: 2
Accuracy: 0.6844628588339745
Loss: 1.274873781610619
