Epoch: 8
Accuracy: 0.9465522343888725
Loss: 0.22923817074589545
