Epoch: 17
Accuracy: 0.9989937851435335
Loss: 0.010128673061306912
