Epoch: 5
Accuracy: 0.8658774785439479
Loss: 0.5072502714200792
