Epoch: 20
Accuracy: 0.9991713524711453
Loss: 0.005615232488928472
