Epoch: 21
Accuracy: 0.999408108907961
Loss: 0.0047774780381256605
