Epoch: 12
Accuracy: 0.991772713820657
Loss: 0.056728450844247796
