Epoch: 16
Accuracy: 0.9983427049422906
Loss: 0.015260730930590811
