Epoch: 13
Accuracy: 0.9951464930452797
Loss: 0.04076693377481371
