Epoch: 14
Accuracy: 0.9972773009766203
Loss: 0.026901563462381477
