Epoch: 7
Accuracy: 0.9214560520864161
Loss: 0.31003528879249864
