Epoch: 18
Accuracy: 0.9992897306895531
Loss: 0.008255528971031626
