Epoch: 15
Accuracy: 0.9982243267238828
Loss: 0.01964061561959556
