Epoch: 10
Accuracy: 0.9777448949393311
Loss: 0.11919164182406596
