Epoch: 11
Accuracy: 0.9859721811186741
Loss: 0.08248381951566305
