Epoch: 19
Accuracy: 0.9992897306895531
Loss: 0.006860221231115495
