Epoch: 1
Accuracy: 0.5251257768570583
Loss: 2.1145589712894326
