Epoch: 3
Accuracy: 0.7712340929269015
Loss: 0.8678706773330994
