Epoch: 22
Accuracy: 0.9993489197987571
Loss: 0.00390192791755081
