Epoch: 6
Accuracy: 0.8948801420538621
Loss: 0.4030085191779742
