Epoch: 4
Accuracy: 0.8265167209233502
Loss: 0.6563270328368879
