ID: 7
Accuracy: 0.021604024859425867
Loss: 3.470648612714175
