ID: 8
Accuracy: 0.9963894643385617
Loss: 0.013766375532586696
