ID: 10
Accuracy: 0.797724399494311
Loss: 0.9836547578408082
